100
979 -752 700 -198 -8 556 504 842 634 -85 689 -81 -967 -372 369 114 869 -728 -190 -285 284 -456 758 940 -14 336 -999 5 863 -386 586 723 921 335 74 -923 971 -696 -703 658 546 -895 980 -490 -915 458 430 -719 340 -178 -811 -407 960 909 879 854 -902 244 687 495 -435 -778 842 -399 -113 -67 64 -313 456 151 -878 -374 -18 303 610 645 827 90 117 -944 -390 -887 669 551 -744 295 439 988 139 -479 -41 -434 596 498 -660 -399 342 -675 768 -683
509 205 -627 -446 -386 -76 961 365 -629 -738 764 368 828 245 -601 -456 -382 -519 280 -697 -351 374 404 -901 446 -971 -543 -614 261 553 746 162 -936 909 591 -142 753 -745 -287 -318 300 -89 -134 326 252 32 -121 468 -62 -941 -988 48 796 -972 644 -209 -775 218 863 -408 -896 281 -624 811 409 -429 619 -115 171 -823 -940 890 813 -583 426 -433 -312 47 360 -872 -608 -14 -102 -691 113 -22 -372 21 -24 -939 -591 -318 810 -774 -210 106 140 457 -301 -489
-435 873 813 -871 -288 -41 269 335 -418 -428 -825 -280 420 -382 -837 -165 756 949 -791 173 19 560 712 268 319 -972 430 -239 -73 -823 58 -324 929 251 312 -984 -383 -696 284 485 -248 345 542 -153 995 -19 317 513 116 467 -407 -208 -883 -564 -560 17 -700 457 591 -715 -357 291 -662 -384 -159 669 275 601 -504 234 -410 640 -835 791 234 545 968 -80 -62 -70 614 592 515 367 -623 -109 -412 -217 144 137 -426 -656 277 -502 -560 -945 -454 987 782 576
-482 -744 994 536 311 -20 -360 962 -163 864 484 -875 340 -408 -673 12 758 990 849 167 180 321 -242 180 -126 -681 -618 985 296 170 -573 -838 3 387 -572 -420 -45 -441 6 -836 221 -880 278 433 788 275 -943 -279 315 -260 594 811 391 -153 -306 241 616 -862 -760 931 -579 -839 -589 704 -121 -842 427 -848 567 -206 -136 16 701 730 848 278 -366 -353 454 751 -578 -184 334 -940 890 300 232 -847 -822 -182 -663 486 -642 -721 860 -14 970 -207 -794 -920
-900 11 464 655 510 68 -137 -284 -437 480 328 86 -27 166 -544 279 -574 -638 -638 -385 -176 303 -813 -521 -564 -311 596 746 -32 795 347 -256 766 973 -869 834 -633 22 913 735 654 741 -896 142 -476 -733 -613 -343 -773 83 -399 73 -854 728 -376 417 -457 214 -826 -328 -881 104 892 999 130 -52 -768 547 -857 956 453 397 -209 -287 -458 496 -541 798 -396 266 -437 -17 847 -661 652 110 -160 -729 -919 -326 -918 -607 298 316 -420 -913 -736 409 -702 -144
693 -219 -470 -212 -193 618 604 372 -557 -743 806 -859 787 -409 -787 -907 -414 511 863 -371 847 513 -557 -70 571 406 422 475 -28 44 -701 817 350 21 855 902 -773 201 648 -284 643 -445 884 825 800 -752 377 463 212 142 -488 624 143 218 -197 559 -177 -427 697 864 -624 186 326 102 -703 0 405 -648 414 -15 369 518 -832 624 -674 737 864 -578 -109 -251 26 -202 629 291 267 -229 371 -982 -213 -965 -161 555 -665 478 -540 -443 -740 112 379 909
846 593 -731 -588 -600 -106 -855 84 -109 891 503 -129 468 881 625 583 -57 -630 94 120 -822 564 -747 -284 709 -774 46 -917 873 -600 911 -492 -671 -821 -716 -132 394 343 692 588 564 -84 102 -447 -433 947 203 357 -649 211 200 -409 -241 870 -595 279 837 653 823 -236 -158 498 165 140 -67 -460 700 -937 684 -879 564 373 458 -420 -642 -88 -651 -261 -736 178 569 -368 -972 -607 -571 36 -811 -861 659 912 -259 867 -12 -794 239 -818 961 -29 22 313
103 -535 151 -561 942 -262 -157 -86 957 568 -785 -751 -521 -711 136 812 260 377 -412 -111 248 603 700 -483 990 367 -585 54 -805 -318 -559 252 636 -654 222 -357 345 279 140 338 -468 -975 732 -66 -218 915 69 726 596 -813 -300 989 -324 -395 253 724 -694 801 877 -297 497 -671 527 -455 -992 -26 -641 -711 -694 56 -657 137 -267 651 624 110 830 -901 126 -290 53 928 660 -323 -449 265 -337 -314 443 819 -950 688 -177 -63 118 -702 793 824 -610 -561
809 -856 29 422 -474 924 -870 -594 580 -320 -251 865 -619 670 750 -305 308 -442 676 -35 -810 799 -912 -16 -398 -762 150 416 -856 954 41 -769 744 907 -620 912 -511 519 422 -515 -401 -931 920 475 -141 -800 -51 -780 -400 -972 744 -967 656 30 -236 -339 598 -196 957 -894 -571 210 -966 513 -129 309 106 335 761 720 898 -377 -367 964 -884 -627 -239 -649 -709 175 -343 650 -318 238 880 -693 -171 -374 -477 -367 -706 235 -92 -83 -422 -207 -614 163 -663 -929
551 -342 -217 640 -858 334 783 -744 691 -100 -177 347 424 250 -943 -335 942 111 -467 614 -722 -705 779 702 -802 -149 -8 -493 -907 558 861 90 -87 843 96 889 -816 -520 -912 -359 -753 793 -909 23 -18 -638 -292 -746 -748 81 -280 -218 -592 52 859 807 -688 440 483 364 136 514 707 -187 39 -222 543 78 583 -225 772 985 168 -228 79 -70 25 356 -258 -517 -487 -385 718 -226 385 -272 158 33 -878 467 721 552 -495 -461 -741 995 -341 -975 -58 501
171 -670 580 -825 382 119 971 873 -775 -832 761 -913 796 243 766 -475 -1 970 647 673 765 -204 310 984 111 -283 788 514 217 -882 -856 345 -446 95 232 -735 700 442 531 937 989 -43 -27 -855 981 253 961 590 79 325 -948 732 190 939 -235 763 938 43 844 36 487 -462 859 -402 759 -470 165 676 -396 -216 589 -457 901 333 243 -851 351 -877 -905 -507 245 727 -741 4 -161 55 -14 -910 982 515 -913 838 17 -452 -184 319 -870 -368 208 22
784 972 -758 750 -718 316 -712 -302 268 354 586 261 -835 395 987 -200 -704 -82 149 949 157 -623 272 -735 -874 637 991 426 539 -481 -435 567 749 485 520 -703 -572 298 466 837 -855 -386 948 -806 491 135 587 853 399 485 587 -458 -250 314 273 631 777 13 523 945 -626 654 981 -704 -698 -157 634 693 -159 -551 -618 531 -327 309 -879 532 289 988 -52 -794 976 85 -671 808 -716 -928 -260 247 450 -103 -164 -775 465 140 -752 -465 -86 695 489 -461
85 -628 211 -208 372 -974 -103 82 640 -955 175 805 29 261 302 -412 -164 -669 760 238 851 -95 264 -429 -961 42 496 644 938 750 -165 772 -137 -543 -144 -374 -163 943 -746 651 -370 534 -827 349 262 -43 891 -713 378 -244 815 -729 -442 689 832 286 -398 -598 907 663 245 289 53 -532 -441 -691 179 -591 -2 -255 633 -670 750 -3 271 340 413 -170 203 393 511 319 315 -905 517 -18 324 923 -497 -122 -170 -763 -643 506 213 938 457 -732 -832 -524
637 114 -636 -188 555 -570 -557 -74 -985 589 917 776 -688 -468 327 140 197 -125 -355 486 705 193 507 -45 -256 642 -602 47 -918 61 -256 -529 -761 -179 404 133 26 690 -7 -126 24 876 196 586 659 26 -119 787 686 939 -74 750 -444 297 -145 94 -192 353 -268 -503 933 732 -535 367 32 -184 -579 -660 -671 299 -364 519 61 40 -609 321 111 996 67 -879 -92 641 342 -897 -26 -608 -837 404 -122 -665 441 -337 38 -786 -567 -772 527 228 470 -93
-717 -220 -744 -179 -691 -682 508 102 -193 266 390 666 -464 -75 -843 992 -246 5 -881 -530 -367 750 -197 150 631 851 -763 -389 874 -948 746 32 -911 851 287 353 408 599 408 552 -719 -442 617 -760 -293 -273 986 331 870 -250 470 400 -404 965 -734 -423 53 -913 872 -781 -924 402 -494 -900 447 -752 481 414 67 604 664 -232 218 -847 771 562 5 -386 -631 -394 -762 -574 -467 -565 444 220 445 -74 266 426 -641 910 -194 -904 -745 442 216 832 -32 -249
-496 -989 -666 368 175 -427 813 155 465 -511 689 527 -104 -626 -140 467 248 -727 -630 -6 7 -402 -811 -896 158 -183 20 -269 -264 90 989 -595 245 844 179 -40 558 35 754 129 -405 -942 267 -305 307 482 864 -684 -39 769 -759 -599 -383 770 849 -513 777 -519 -699 765 -466 362 -688 -986 904 -256 126 -624 842 470 578 765 -481 183 777 342 56 -527 -963 -867 -907 -678 -409 -383 -769 -437 694 -911 -998 -34 -16 -855 925 -21 185 -481 -188 203 -853 -442
832 139 -304 -530 -56 417 312 -491 816 482 -901 -743 699 628 -798 184 64 -387 892 651 457 331 -764 -192 430 -700 659 257 959 430 331 546 146 28 -926 244 61 -357 836 -130 233 783 537 484 184 -613 487 66 -228 -583 608 870 -794 -144 -285 -954 226 -599 685 -353 -483 -367 786 -539 -674 30 874 -199 537 887 -413 -185 980 366 -787 -623 -454 308 95 -508 318 328 728 -316 -560 -446 -989 -584 542 -6 -232 -543 411 818 206 140 -619 66 -726 -736
-896 171 -766 764 616 335 -351 633 393 713 549 -560 473 -577 93 545 485 -364 317 289 -191 -160 -370 578 -70 -954 -885 -123 -131 512 765 830 -861 -744 426 -895 950 -599 -838 100 170 249 568 763 828 143 773 -152 179 29 844 -49 883 -213 -414 464 309 -453 -286 384 669 -825 7 542 -637 590 -257 -172 305 249 787 -755 341 525 41 -761 -205 123 -382 126 847 -475 -410 557 -263 442 520 -326 227 198 486 -20 -320 630 -924 610 3 -512 -937 -512
-832 335 375 461 556 -817 216 -244 -6 190 -416 942 -773 919 -851 -416 -785 371 -484 -716 92 43 150 408 -624 491 -504 -832 -938 -467 -626 264 196 -378 -35 -609 433 932 311 -278 -618 -808 147 -334 92 652 422 -805 662 799 -432 -759 556 -551 -285 701 576 129 -634 -150 -372 469 -773 275 375 -969 487 771 -616 -714 -986 -261 -652 -431 -318 6 323 -236 -787 976 -970 -452 300 489 770 165 -942 -179 -43 222 431 135 -171 -159 -102 -611 -445 232 -576 -366
897 285 145 -742 901 774 709 712 -937 -730 639 -285 225 207 -911 -129 -860 6 -976 -541 -94 -127 352 -865 -777 183 -266 772 -869 700 467 592 -413 832 516 238 -838 -420 281 453 168 -922 800 -687 -288 -400 -54 799 74 -589 -169 914 -366 866 775 496 -874 855 450 353 -609 537 -375 -656 -754 -829 442 910 -790 -313 818 367 906 -222 625 372 727 -965 -500 883 883 -281 930 -905 -867 123 -154 480 -339 185 935 771 -841 -333 813 92 327 -201 -739 -805
-338 -826 663 926 843 39 119 128 352 218 -567 993 -469 -320 -224 -729 -892 732 -608 505 -447 -783 -951 -618 863 -505 615 978 521 87 -866 407 -862 8 -365 -338 -92 789 -308 -509 -95 533 37 -816 -664 279 987 353 984 -703 927 414 -555 691 409 128 327 417 535 -18 312 -186 456 -685 -120 797 -889 279 -889 695 -819 -56 -409 626 -338 11 -78 274 -682 -697 620 -304 -351 930 683 444 555 619 -271 -335 -436 153 -211 -514 750 110 601 273 -577 -311
-603 591 993 -876 -240 -675 -360 645 -355 -908 -195 -320 -534 499 -203 624 -642 -241 534 615 53 -951 -527 492 -843 -623 634 -255 -933 913 -557 -937 217 -672 -752 429 102 279 277 -841 36 408 -880 -220 -452 -697 -627 46 158 737 -611 -228 22 551 -503 -356 730 -646 -916 -210 -204 852 -235 623 -359 533 431 48 750 -914 37 655 -748 494 -302 672 583 -549 -409 220 -377 -621 -469 -99 389 464 -602 -824 -588 673 -601 945 -964 263 -823 756 33 496 891 -886
318 -973 -600 -441 845 381 -641 -810 -131 780 198 765 191 -119 596 -649 564 -945 -563 -199 186 995 -38 833 237 970 330 -148 -910 -550 -932 -347 208 889 258 85 -76 66 982 -223 -749 633 115 -876 -468 -231 -828 528 140 892 -671 718 494 -458 -648 -293 -109 -75 -449 77 292 698 753 780 866 -630 -19 166 -764 -402 -851 79 879 253 625 -239 -240 433 -585 455 990 700 -626 461 626 277 633 -721 415 -962 626 262 902 -880 472 863 68 844 -605 939
737 -702 -793 859 -655 441 -532 -840 967 -821 451 490 -265 860 -58 -202 -3 320 125 -419 -508 -339 -590 296 -731 -667 -125 153 -593 90 831 247 -395 -20 -790 168 -861 -794 357 73 -522 -658 -740 -951 -913 646 854 -44 533 -186 898 -769 -332 504 353 -435 -291 -63 128 -67 286 -948 93 -633 137 -577 -607 487 -390 -594 411 781 394 722 -70 -335 465 420 489 370 -953 -581 -912 187 -741 -534 -861 -549 198 507 -810 781 176 -779 476 529 808 715 710 -44
-192 525 -872 649 -923 141 -96 228 515 741 577 -239 -647 -986 -691 705 403 511 29 379 807 426 803 652 89 -178 85 867 563 758 363 319 456 628 833 268 617 -633 -70 -898 -219 -343 -993 -764 775 -197 182 184 -551 -686 -173 853 301 321 -680 -860 -877 252 -190 -837 205 -775 685 -175 893 621 -385 -349 -2 -84 521 708 -42 -660 -914 794 763 129 31 -51 -471 144 504 42 860 -846 604 -948 699 113 -933 -403 964 -955 885 -236 96 -621 -287 -506
489 -676 86 778 826 403 -809 254 690 596 -141 861 -623 -609 -600 334 84 -300 637 -455 843 200 19 526 -725 -928 695 -127 344 25 -855 279 -128 604 462 319 -574 -177 -767 695 -819 826 936 -967 -216 609 897 -16 -879 368 -862 437 -908 683 816 196 493 725 -230 843 684 -616 -902 657 -850 -829 922 320 -135 108 903 36 -607 76 444 -346 -173 -718 -157 794 887 937 -522 100 243 -971 -739 -681 -304 -313 88 -573 788 877 -424 -948 -858 976 -241 -778
307 -413 538 -598 899 185 -159 -534 799 -17 -246 2 5 -121 -609 362 995 -874 -598 132 803 601 978 -703 471 820 904 -900 -172 855 -274 -815 871 218 -210 890 -788 -277 741 219 -974 583 -741 -141 35 524 917 -774 678 961 190 -968 304 -510 -269 574 840 179 547 530 686 78 272 685 26 -47 839 -41 263 508 -684 -477 175 -897 -21 118 -215 -725 -346 -559 -762 -957 390 67 -178 933 -261 73 883 682 575 485 108 -624 494 -327 -187 421 -539 -802
-902 460 -994 -300 174 -328 229 689 521 248 -757 925 -941 -707 494 934 835 447 -184 -884 258 -661 -318 235 830 989 -529 161 -424 951 -538 66 -216 -484 -717 895 977 143 -292 -864 885 208 -386 55 13 596 565 -724 355 21 -349 -128 -152 277 -670 -583 785 -957 -737 304 760 -12 276 109 -275 -232 137 -358 175 -197 -566 -988 390 836 277 454 735 835 140 92 826 213 -887 -409 -622 615 -897 -289 -608 -78 -391 -482 -495 491 -908 -456 655 384 -696 626
-849 527 193 -625 226 -459 215 -888 389 -762 868 242 696 -880 -692 -540 -246 -176 892 622 118 859 345 -725 -545 654 343 50 -546 -183 -429 426 80 -340 -160 77 778 781 548 161 -685 942 -46 -699 728 -301 -956 698 -459 -257 558 683 209 -290 722 -202 793 -521 564 -747 158 -323 278 -675 890 -608 -580 -691 -531 -46 161 654 -729 992 -595 -101 -528 -375 -140 794 387 191 -247 -462 89 329 789 353 97 219 468 344 167 357 569 346 678 227 -31 -644
-196 -252 369 -508 612 190 -68 -410 316 424 273 -3 795 -95 -690 331 -157 399 472 -823 -116 -299 -825 498 383 798 784 -732 -955 573 -564 -904 -767 -652 -964 136 -669 367 -125 634 -132 634 353 -237 349 847 -695 -218 10 -844 -485 -829 -301 673 -5 300 -302 -576 983 -72 212 -578 -426 566 -673 -489 -78 -365 -687 605 -49 -863 547 548 -24 -150 -800 -65 -928 -791 704 -305 -884 522 -440 245 -507 -317 1 -195 -207 332 790 -736 170 -617 176 855 655 655
-229 -148 447 -635 -679 103 -112 876 763 -670 -259 943 728 924 524 357 -917 186 107 821 -978 -966 -447 470 808 -863 868 -696 -71 624 267 504 -241 13 -556 850 -189 285 -942 -523 -898 -925 -963 80 -32 478 422 286 49 -686 -694 -861 -159 139 448 -899 -212 -789 -951 474 -613 634 874 573 595 -481 679 -661 961 -218 276 -988 -348 769 -461 570 -185 -727 705 224 489 -852 -858 711 615 -807 274 -320 333 345 280 -384 937 -182 111 845 -129 761 -533 28
857 -764 451 902 327 840 -601 39 146 257 -267 -269 678 55 -284 -675 -543 -314 -387 697 436 741 258 -543 -619 -884 380 -701 -218 -268 685 -650 -481 61 -58 291 -713 11 235 358 202 407 802 -714 -201 962 911 492 -73 -336 -807 -136 -741 -748 -22 567 -677 763 559 -569 -997 844 -340 412 55 952 -583 428 -974 -198 -659 -520 -569 -490 -2 -807 588 330 -71 -478 -816 63 -626 817 -439 -237 589 959 466 -144 -698 -283 -619 33 -991 -491 597 398 452 248
-67 -612 -822 -599 -983 724 -115 299 68 -365 320 -168 -217 -704 -101 990 249 -710 -951 581 -419 862 418 -556 -267 -883 133 750 415 366 997 11 521 284 95 646 25 -685 483 815 -682 -102 -460 -39 189 -869 -951 -220 -53 -399 -201 600 611 136 414 226 250 -11 772 711 -354 -263 -468 -665 -795 -170 -770 114 450 -755 271 960 132 -522 330 944 -798 -39 308 894 -297 194 -499 990 290 815 174 -739 -965 -390 -642 678 -131 -716 892 533 -137 -155 -327 292
-808 332 225 691 530 118 -854 536 -177 -604 -820 -158 -372 -131 -195 -437 216 416 934 -295 863 306 -458 -371 430 -511 -161 339 719 783 690 636 -992 -141 -828 861 -515 -866 474 -765 -933 -238 480 -673 -173 48 -712 -14 53 522 -410 844 -593 -119 890 877 757 893 636 88 193 520 -660 145 383 -702 227 -270 106 -345 -880 -473 617 857 -120 -502 575 -900 813 650 -175 -860 593 277 62 576 -955 693 -860 968 463 774 -185 993 -123 524 -165 303 -278 734
-280 991 394 -293 362 -823 529 -506 179 162 -953 520 986 297 -873 761 -127 748 -905 906 -241 96 671 926 349 877 -119 180 -464 589 613 355 -271 167 126 892 621 -520 341 -213 -313 -989 -881 -901 661 -85 -501 -600 -643 -816 737 506 -460 -98 469 895 666 -415 145 338 -558 29 390 -294 359 -86 -750 -491 -427 241 -1 -128 -600 -164 -252 -412 -538 -664 -230 983 -989 650 -145 866 126 981 -817 566 496 882 944 -780 833 232 -983 667 -762 -611 -641 -811
989 518 96 484 995 -840 79 -231 927 -48 691 -705 -102 233 917 744 -646 229 431 -617 125 -299 249 -247 -550 -212 -693 -680 655 -748 25 -515 593 -49 -953 795 -976 -668 -287 961 214 744 -178 86 -267 27 291 686 311 592 -923 963 -265 -725 -949 -866 -904 -842 679 405 -243 16 -241 -51 762 -390 -606 -338 -576 -97 805 -142 899 814 -165 -931 967 890 -539 507 -729 -949 8 209 -869 -198 -827 -763 318 -40 -767 841 618 -859 178 -959 -38 576 640 -833
-906 -754 -307 512 903 16 582 -229 785 454 -943 422 600 -109 -756 -701 992 -508 414 -340 948 -732 -244 -179 8 338 278 342 -248 679 516 -940 -480 -895 69 891 -869 -885 -11 -312 18 -371 -280 388 -793 -735 6 -482 -300 683 -279 421 -325 -253 264 -171 797 142 -718 -165 -428 -753 -626 683 -983 -785 705 980 597 -603 -673 86 -327 -87 67 101 790 -326 726 850 -546 -924 -200 -437 -829 843 -845 -955 -864 321 -437 -253 621 89 -109 879 3 -791 181 -89
656 -793 507 967 -565 -30 512 737 -371 694 122 756 253 366 876 -277 -698 -123 -538 -796 -760 709 -34 451 -441 -234 513 -344 -189 749 392 -319 597 -351 -483 -574 220 -948 698 272 -162 488 -957 -398 398 -407 536 467 -822 -987 791 -561 -963 153 -773 215 593 125 -121 179 313 -560 -617 -849 -604 -5 376 816 905 476 143 679 -668 -761 241 -375 -169 526 422 -664 359 -821 -103 998 -394 -117 428 102 -116 737 -145 -433 -690 -852 224 413 310 586 -241 -847
-678 437 389 -699 624 -428 -451 -635 686 -370 -862 308 -191 867 -649 -395 720 -859 -134 -671 -610 68 -701 -932 -463 -635 -934 363 814 -672 -628 -859 149 -764 947 -330 29 -359 -13 747 476 -626 515 584 229 -65 825 829 -725 -175 -977 991 567 789 190 226 -84 -335 -575 364 934 13 -867 -867 223 957 22 -108 -125 788 -996 -242 -116 558 106 346 -427 932 813 972 -722 950 -108 330 561 -971 297 -739 33 -710 -432 716 315 -311 -419 253 822 261 -769 -857
-199 144 -639 -914 885 521 143 -180 -3 310 -580 -866 -995 -32 -452 -248 -436 385 563 644 6 153 -101 -275 -631 718 479 64 -942 -631 -715 -702 359 -627 -885 125 -161 -923 714 254 40 -495 682 -265 -639 -496 -802 380 -507 39 -449 -148 986 683 -977 -183 -489 -769 316 43 -897 -896 -648 862 -265 994 383 162 219 192 -585 531 400 566 627 -703 419 -368 877 -522 228 -174 760 -84 -547 333 209 -503 475 619 -399 343 -880 675 380 599 -602 -821 884 159
-590 -821 360 -726 -896 419 -753 586 700 974 524 173 665 -218 -425 873 482 -702 -859 -497 430 699 76 -480 -256 453 208 -20 408 -648 71 688 838 -648 872 582 -648 539 -646 786 784 -471 -585 268 -218 883 -206 234 -16 344 393 221 678 781 -719 672 4 -394 -962 901 257 480 -799 212 -367 -866 798 -688 -822 561 -121 -420 322 -157 908 779 -913 -25 320 636 548 341 374 -205 -310 -211 -986 579 210 -847 214 193 -314 -632 -590 892 610 492 938 -30
754 -94 234 502 -980 -290 -305 -683 -978 423 -430 62 775 -109 -470 -775 640 843 -200 -456 909 -468 241 -500 -376 548 703 725 -411 -464 284 941 966 271 -86 730 704 -479 -110 503 364 -811 605 -752 -872 -885 -754 670 586 992 555 -943 -472 -105 777 102 -513 -111 283 864 932 21 -353 -627 -72 348 241 514 905 920 -834 -958 -105 989 -682 712 884 -332 963 972 769 -658 -621 694 411 269 846 -535 767 -227 760 -801 -483 -553 -806 746 -179 -501 -346 19
-219 -57 -295 444 654 649 171 352 -306 -992 -646 450 -171 914 -374 -577 -629 -919 575 660 960 -464 -106 -343 -986 859 181 365 -545 -522 18 -982 752 458 -6 683 113 699 988 -363 707 541 691 -980 825 992 -315 -538 765 -208 456 -591 42 855 -982 -832 -302 626 111 -649 -325 895 -17 -76 935 -202 321 467 -888 -385 172 393 -623 117 582 604 189 -237 927 -131 348 203 62 960 -885 -223 -619 165 -668 24 -373 -514 495 192 -331 293 260 -419 34 -115
668 883 -988 -422 631 188 -926 -368 -254 -934 -849 -782 538 845 318 -473 486 704 38 -392 371 -775 -348 446 -198 -784 -564 -820 -276 327 62 98 217 102 -56 -238 77 -214 807 665 302 51 749 678 478 49 920 166 -51 -720 774 433 -32 -170 -545 -411 432 384 54 -746 463 454 969 131 -191 -520 -59 172 503 -724 -386 -667 -843 -127 253 -114 158 -68 933 -603 -848 511 127 -771 780 -521 -189 447 -990 -50 -462 106 -479 -43 -7 727 -425 -154 -190 -580
747 -195 449 621 -877 -50 -640 -225 -721 -4 -65 131 -291 -345 838 -37 -586 -555 -439 75 151 -811 -822 727 -27 -911 498 -924 658 -643 254 491 -306 472 -292 -702 110 -356 493 634 -995 -667 263 -373 782 75 -873 -732 569 944 -978 859 -881 633 -869 -709 997 39 -8 -239 878 568 167 995 558 -851 -709 614 886 -977 -178 -882 -655 367 138 -757 -48 -646 -883 774 -616 873 -149 348 563 812 -711 900 -499 653 540 -93 -509 658 -664 -22 281 -782 -713 130
-891 -752 448 -116 426 -895 218 -3 -657 401 -883 507 271 855 213 -192 365 -289 951 -781 916 -256 744 -877 -643 -324 -137 -90 -365 338 803 -521 -676 677 -456 625 -973 -997 -940 700 -99 -551 258 -762 -494 -6 -271 -516 -215 -891 -550 6 -410 -467 278 -75 387 -268 673 172 -573 -577 -265 441 716 -244 958 -630 -684 199 -921 491 490 -780 -176 143 -311 518 -686 162 -392 500 -309 537 140 257 -211 -749 -999 244 543 -923 -976 325 155 -251 339 641 -343 769
-518 78 -178 -224 29 919 24 885 -533 126 289 -955 964 -532 188 -739 497 790 44 654 -805 254 -306 -307 840 587 74 -558 217 93 -638 593 -79 950 585 -26 -83 -130 931 994 -726 -619 -711 519 126 -936 283 -523 964 -764 -348 -127 775 -258 350 -609 -535 364 753 -285 -131 701 -57 261 -729 744 -473 -153 257 561 820 246 303 774 387 -948 388 361 613 793 -437 -945 -112 324 -742 277 350 -67 -520 -641 591 929 467 925 923 995 -763 -451 -848 -574
549 295 -999 37 949 435 -724 -882 -715 368 -350 196 406 -249 -263 -115 -484 833 -445 -404 -116 281 -998 -631 738 610 -933 840 -777 952 -370 878 192 -521 868 746 -715 130 157 -694 -758 421 -685 -738 -648 907 -464 -8 730 950 925 -771 304 690 246 141 -517 -652 575 -394 858 -110 339 -322 871 900 426 -376 -995 490 268 -552 657 962 -137 212 252 -732 195 -639 -705 316 551 930 -922 -283 -313 219 -357 455 -861 82 -792 -901 949 -202 -786 895 -343 -681
308 -204 705 -800 -126 734 194 -537 153 409 744 -892 -208 322 -789 851 -49 296 307 168 695 -903 552 469 639 849 252 -401 894 -836 -850 171 -978 445 336 -70 25 -985 815 94 953 -459 -652 -666 521 -372 661 718 -122 466 -174 431 434 -2 -558 -878 -240 936 437 243 862 91 389 -337 -510 -179 -800 680 902 632 35 75 -919 36 360 841 -24 -276 -832 -120 -528 -397 -829 -145 -785 -978 913 -614 -750 -237 168 56 -142 373 299 -718 -371 -179 -987 -213
-396 -202 5 -450 179 150 -203 -732 893 32 -227 -22 57 -882 -108 -679 359 -555 260 196 -280 426 -787 323 939 -547 255 -554 381 -442 821 679 -969 800 456 -832 -579 -412 150 561 93 -855 -602 88 -652 801 -673 271 -329 378 -598 -684 -919 113 757 -594 908 457 -304 617 0 446 -228 745 675 114 -998 -820 979 86 176 -629 469 367 -695 101 -155 -39 264 -408 -684 588 681 9 34 -297 697 -691 -287 525 -924 -709 -510 -350 823 -514 -594 -156 991 -161
-474 -413 -328 -987 -616 329 215 23 224 -897 695 645 466 -837 938 483 62 -618 718 147 -290 -818 -896 822 -729 -421 -461 268 96 -67 535 -254 662 -911 845 -391 -108 63 -291 -906 418 755 979 411 249 -879 176 -834 764 -232 -898 995 -441 -143 -923 -905 -514 488 -258 337 666 672 -467 -136 -729 -612 425 418 -64 622 770 25 403 785 -119 487 -145 505 624 -809 738 266 120 119 54 -380 -106 936 990 -700 650 -818 -533 375 129 125 172 -857 449 -215
958 161 709 -788 10 107 -207 884 530 567 406 362 391 559 37 27 734 -340 995 -266 -547 895 -606 -20 583 756 -96 -318 -251 -675 899 -895 477 -68 -583 -39 -701 262 -458 -375 -496 -710 833 103 -483 -351 180 956 -50 18 402 735 -438 -13 447 -389 369 814 -40 -374 344 -904 -111 503 281 -163 -476 613 -662 314 398 -417 415 -45 990 -458 -551 514 -272 841 994 -709 -923 351 246 9 813 927 315 -984 -790 987 438 -584 -545 381 -981 -163 502 -902
-52 50 -225 -349 -797 300 998 -6 -743 -34 -940 -814 983 676 12 -581 631 -43 -994 823 -44 -136 -637 -965 -747 865 777 746 431 901 -963 452 540 -387 -538 -684 670 -321 -673 -178 16 -200 -557 900 178 561 803 -17 -789 -911 529 522 914 -243 183 312 907 -65 905 155 672 428 -964 -761 928 983 -47 -418 205 -782 -284 842 -888 285 714 635 352 761 -810 -960 -910 -550 612 -597 104 -194 911 -985 895 -996 990 -70 305 -384 -201 -96 -138 142 933 33
479 123 935 546 826 -502 -382 717 669 -167 -66 -441 -183 231 -284 -503 741 -602 332 256 -144 85 -591 -441 482 617 -232 -301 -748 -159 316 696 730 109 445 705 -458 452 245 -667 -696 919 908 688 629 -390 -116 -348 -70 726 -289 387 685 -522 -992 131 755 121 466 -881 114 343 798 313 943 -944 946 -393 -311 -18 965 754 -115 -123 474 -537 637 -112 186 -96 -306 -937 -869 194 -604 988 99 561 685 64 -756 596 -350 -383 861 955 430 -350 698 -612
-896 42 395 85 980 -90 -446 781 330 -513 172 -708 645 508 236 531 301 -494 -432 -831 -328 823 -746 406 -67 -110 -607 393 917 858 28 925 -497 -696 474 218 -57 849 560 460 261 -625 -246 -156 -543 180 -846 40 421 -658 -812 -613 800 -621 836 -482 -588 -246 -392 358 -756 239 -20 -437 -885 231 588 -108 -877 876 485 -316 -586 366 560 -304 -842 216 711 -811 -327 82 700 622 233 5 -150 678 349 -541 -502 -906 -101 391 -809 -448 -689 670 -179 660
674 535 60 -767 968 -327 -542 603 -178 -138 -478 53 -812 -697 -467 -453 139 576 760 518 563 835 -865 892 286 -628 -320 -866 247 -296 -269 786 -132 -564 -74 62 96 -734 506 713 633 194 742 347 785 648 -263 423 -570 -167 916 -798 -565 834 153 971 932 46 -689 73 -217 -138 142 52 170 491 -748 293 950 -174 -180 458 -213 183 -130 18 312 238 252 -478 306 450 273 -891 888 129 124 71 -798 726 -901 838 -81 -669 408 -883 491 -608 -142 803
212 -449 -423 793 -792 979 100 -180 967 -998 -715 -470 722 215 -262 685 681 -1 660 -424 -707 -37 -873 537 -184 -123 375 999 33 372 510 924 592 -718 -131 488 445 -86 -492 -72 -134 -825 129 43 -953 -492 -143 121 782 -110 -935 -937 -838 -604 -348 -694 247 -16 484 360 906 748 -642 904 -756 -566 683 715 427 -335 26 713 691 -552 -31 616 -220 979 850 463 -323 -431 -236 551 644 416 -42 401 -936 -607 -810 189 98 129 211 -494 -818 593 -3 480
-303 -471 904 10 -315 89 -945 270 127 -921 -802 375 -625 -421 -375 -210 -33 747 -555 -64 -45 -349 -612 200 -466 -323 -798 -173 -276 53 573 782 -675 -587 193 551 503 675 912 942 -572 874 -59 636 374 669 242 -939 535 550 716 -78 206 398 582 702 177 678 -480 -438 -180 -181 857 -252 191 765 467 54 -278 819 870 868 333 -536 -996 569 -408 154 138 790 267 -395 388 184 930 -33 -620 910 -605 -36 432 920 218 -212 244 -501 -503 -561 -778 38
-883 -468 -811 13 -205 -777 -228 582 93 -732 534 -945 15 991 -344 461 -770 53 161 -167 -191 -497 355 -147 -548 426 -291 542 -842 938 -914 -905 -697 -765 -796 470 -191 -793 936 -510 -953 -73 -973 810 738 646 -368 -707 -575 651 867 -819 60 -767 -57 -71 -829 -930 -561 -96 -319 -174 170 -326 921 -662 260 -718 201 309 -807 976 -308 -483 938 -900 -275 -635 -631 548 -897 -775 -676 816 -889 -681 207 77 61 661 -48 766 -196 -222 -392 -838 29 212 434 815
765 868 -812 -510 954 893 -385 903 400 758 853 -781 325 -104 269 -97 791 9 57 413 -575 -200 -410 314 -34 -324 -542 558 -75 836 82 -918 126 148 -759 694 -810 384 -545 -987 562 807 -27 329 -430 435 883 329 -536 511 297 -495 -935 -711 -54 -366 -746 652 -506 -265 341 -958 69 -782 138 25 -401 382 574 773 92 -429 276 -987 301 40 -953 -526 -954 -482 921 27 -10 -936 -404 -628 283 -98 -821 272 231 949 238 -631 -778 310 357 -867 -296 -495
-360 -956 -124 -832 674 787 493 880 291 -83 83 -812 770 268 393 393 -203 746 547 -141 -432 -272 677 -183 857 -925 -517 572 -290 888 -395 266 685 -2 631 -379 67 800 -596 -455 354 699 -86 -62 -432 -618 -539 -772 -933 -704 -296 -134 492 957 -188 655 -240 338 -755 -135 386 -995 -754 807 -113 -491 -482 146 41 -930 -447 -750 -437 -90 610 -788 636 78 859 725 -824 533 226 -379 102 966 -116 876 -878 -96 176 844 -261 -186 -262 235 -809 529 -412 268
-155 -171 351 17 645 173 457 601 -983 718 85 4 599 -917 920 -931 -563 764 504 255 122 117 -462 -748 63 461 -953 -467 -649 673 18 -520 -282 -221 -666 -864 -601 -86 852 380 -578 -842 308 -676 408 362 181 972 -751 892 363 -506 -690 -834 881 398 -566 86 159 -943 19 727 -729 -292 -219 -203 -91 167 699 402 -101 -111 648 -15 -909 -967 -983 -481 267 114 -395 -812 -239 -812 895 986 352 623 -712 -852 566 168 -629 643 147 -773 -629 -605 -378 -593
-18 685 -255 -178 -155 908 13 -77 500 -403 -489 -447 -821 -299 -894 348 -377 -162 -628 152 987 716 -800 -876 129 543 -322 271 358 995 812 368 226 644 -790 153 -695 277 -588 -391 97 -873 -496 20 -803 -54 -548 68 696 -518 355 22 474 -40 466 -174 60 707 539 -176 -452 -62 110 102 202 -900 -713 382 -178 75 -185 -557 -269 -704 167 529 336 -783 991 -897 -846 -607 -203 9 696 32 -760 150 46 -309 -631 -990 -503 -105 554 76 -675 942 -611 180
-438 292 -583 -824 -457 689 -209 891 626 -935 165 660 -747 649 -229 -968 258 -165 735 -313 756 698 -490 313 191 684 -24 870 -699 150 -932 640 478 -688 890 725 701 648 646 -606 -171 -552 -745 348 889 -179 -861 -384 540 -229 296 -99 -205 -532 -966 857 928 -776 -827 -894 -335 208 515 174 644 -895 -423 90 -876 139 -612 -235 -59 364 659 -213 -170 -397 833 -603 -322 -461 -473 574 42 566 594 7 -851 -626 440 -656 707 -187 388 -941 757 -202 11 506
-341 -189 794 774 551 -461 80 -668 239 529 0 142 388 756 -747 990 -127 -172 739 337 269 109 948 601 679 140 -102 799 -622 -420 550 913 589 -657 -242 958 700 616 189 669 -786 -749 368 -582 -170 14 474 632 -611 207 831 123 37 859 -662 -531 -246 899 -661 631 -334 68 89 -324 -171 -46 818 -571 -980 -981 -821 132 741 517 427 963 872 -112 -130 -762 -289 -252 109 611 889 331 -495 767 234 -810 850 28 995 59 80 692 185 69 482 -973
-41 574 -363 -83 302 687 -753 345 -446 -412 -435 -986 577 504 473 -864 -418 -871 666 -629 -666 82 -64 -450 -754 251 301 -568 -819 -150 -793 -331 -377 -577 301 816 -821 -626 66 830 956 -519 -843 -689 906 381 575 815 -934 358 201 -798 426 -375 -503 -775 38 -773 211 110 -702 -718 739 365 427 790 -4 -774 -691 357 -935 301 -665 -639 -203 263 -982 335 154 498 -10 -247 -863 -732 867 -913 976 504 494 217 -526 878 727 -769 763 695 112 -966 -277 810
46 -560 -677 113 -647 959 904 -594 60 891 175 -2 -954 -839 -591 158 104 -255 525 288 -700 -896 825 -207 -886 -410 -148 -940 -703 -635 505 -528 -316 -282 501 -909 -132 -267 112 575 -514 -847 -989 786 -88 214 -892 -20 180 -908 551 -375 -427 323 119 901 -93 182 248 961 -811 125 -451 -147 200 718 897 193 859 -607 -610 483 -441 -939 -74 -476 -453 25 115 414 -423 524 112 206 154 841 148 -905 -68 -736 -964 -128 482 -417 686 40 409 -206 923 636
-446 331 142 381 -573 -77 932 -321 447 -418 30 398 -311 101 -41 58 789 48 -854 249 624 -855 -170 851 -441 148 -602 667 178 833 314 370 459 715 253 -164 -524 -491 761 -980 370 -430 -694 305 21 299 -627 -866 761 -442 515 -394 2 -162 670 666 -915 56 -674 -307 503 -805 192 -180 -260 -442 196 917 -13 -582 -622 -317 -416 212 -50 -621 2 -959 -751 -161 894 -551 -870 219 -377 -220 318 -793 568 -536 -777 -465 558 -495 21 -20 960 -662 351 295
-254 973 -110 505 -21 767 151 374 799 960 626 -26 990 496 -190 -181 835 -34 -843 230 656 790 -15 -650 503 -971 761 -162 -553 -600 -587 -802 521 -151 87 -366 -165 -170 -534 -126 -788 -465 492 221 -370 -656 293 -189 -867 -79 -577 90 -381 -548 -898 -791 335 -789 958 -682 -139 -291 -265 434 562 669 605 -829 -66 546 610 -18 -968 -20 947 494 -737 520 886 -14 -774 16 -667 521 312 725 -674 -183 804 -846 -139 -24 29 -524 -300 -331 -815 -192 881 -610
604 -752 -463 -288 -353 740 -978 -914 -614 -705 709 189 250 -677 348 456 479 462 -102 -105 786 920 373 716 -751 374 265 -415 -615 112 -425 627 348 -515 862 103 -52 -606 711 -290 599 622 532 -585 -950 165 -31 376 -885 -246 310 -481 -44 -894 -214 -648 -352 745 -300 592 -112 472 940 -336 -364 -552 453 -450 578 56 -52 -658 430 136 109 476 -97 151 565 -52 -703 -389 -574 454 -399 -806 156 -16 -183 -668 359 -742 -361 -821 665 -992 27 805 19 50
-162 -990 -183 481 687 71 207 -397 602 -232 712 983 -916 -353 -939 669 -393 668 -283 878 -663 -905 -197 491 -190 -902 -627 316 193 865 -270 -694 897 -128 473 115 894 -400 -722 -13 -334 -521 -606 858 -779 312 557 -391 195 987 962 -280 -239 -980 882 613 -282 238 522 705 -619 427 -820 361 -390 -984 791 296 -583 795 -276 428 216 -778 -804 858 -370 233 610 -796 520 -774 -902 -67 -376 -980 -59 -174 623 -691 78 28 915 251 -83 902 -849 116 -699 -956
929 922 316 199 -993 -385 145 337 -411 845 -880 130 -396 -532 541 -718 -137 -870 812 -606 -499 636 627 988 -180 549 276 -612 -13 -849 69 594 -83 -215 201 -180 326 -592 859 142 785 247 615 468 817 -350 838 -946 -137 -896 298 -76 102 241 -737 -911 -458 744 -781 -669 40 232 217 452 -786 803 899 -664 357 314 291 494 169 325 -202 -111 718 -841 -515 -670 -974 728 -751 -962 860 -184 585 78 501 -746 -361 -642 361 -850 565 -17 816 -103 -345 465
731 437 -26 -673 -569 843 -859 182 968 181 376 -702 -771 -413 455 934 -975 907 228 -579 618 -929 -742 821 -835 729 -826 178 916 -606 935 -185 -123 200 74 634 -930 47 384 705 -357 474 -429 145 433 -48 839 -808 -886 -13 -885 -813 95 -426 -891 52 244 -867 -81 479 704 -536 509 547 672 902 673 -188 441 236 -618 642 -63 -117 362 134 921 -265 927 614 314 -815 516 257 638 103 -749 -613 -160 -194 -558 -243 168 811 -490 -709 -400 -916 9 -733
775 -580 731 226 558 -869 -461 -975 25 -440 -986 -177 -691 -370 -664 860 -118 -281 -39 -797 -488 -9 216 -783 -188 628 692 -998 799 362 711 -455 -913 -41 799 515 2 -274 755 763 453 -393 -998 -355 682 -962 -515 -15 -556 -786 478 -630 181 -677 478 483 -266 704 -351 601 -375 -915 -630 246 -983 -877 334 331 -699 266 -695 -142 -661 670 -687 -732 -328 593 572 -654 -164 -387 -959 -454 -16 393 -99 220 -300 -156 827 722 -445 -930 260 -86 -260 594 -284 726
-329 982 908 -572 -496 -763 32 -986 -383 -160 -687 842 236 -440 628 -129 952 582 951 392 993 -31 70 -240 -364 902 439 -153 -483 686 -87 -544 -539 -123 142 565 494 -782 679 467 -196 -961 -237 231 -814 831 -707 -864 -957 -48 -702 297 652 59 -609 460 183 -861 -107 254 241 -828 139 994 -347 880 859 -28 435 -249 51 464 -37 455 200 567 647 -389 134 63 -876 -62 419 -385 322 -609 414 -150 -311 -793 -558 751 -767 -590 -449 786 -992 263 -479 471
354 -312 -881 -819 -607 631 -561 -855 918 -954 996 -827 623 -405 532 -867 603 626 225 428 -981 -136 -91 80 -854 463 -781 -474 510 713 250 796 680 -683 233 -281 483 -956 445 -577 694 643 -157 269 -463 652 941 -67 -780 38 784 -147 625 24 155 -529 687 -149 -57 -800 359 -850 -434 251 466 324 -605 -555 -318 334 669 -66 -65 711 562 -90 378 377 440 -946 -727 -754 979 52 -710 -678 56 677 -897 -362 66 614 -638 669 -375 197 934 -524 33 17
-864 -925 603 -311 -43 -593 314 465 -79 -24 313 68 193 -919 -212 818 -139 616 280 -813 792 814 510 -812 896 -250 -626 -941 567 634 -808 572 -77 -701 381 -637 -912 -556 117 -408 6 -161 935 816 317 -171 945 -795 -39 218 -527 475 -513 36 360 -964 857 125 -300 876 -965 -48 378 302 942 -582 -850 -999 -478 929 80 -318 565 -976 -362 -557 475 992 -596 -934 -508 -621 -160 -528 446 167 -645 26 -562 -290 -301 532 -376 898 -375 915 -230 565 -907 957
-884 529 -832 805 428 -637 -309 467 195 616 900 166 311 239 138 288 823 24 33 967 -480 17 -904 839 862 -43 704 15 829 235 -716 291 -627 136 -851 -893 -493 348 -177 462 448 255 -13 844 537 -540 -320 26 803 987 51 534 -337 -60 931 22 579 -572 502 51 -633 985 -530 174 325 -454 -598 612 -588 -477 -504 576 -489 -823 249 408 -810 -923 69 -965 17 755 556 248 233 -103 456 -82 -549 532 342 86 562 -97 569 884 -664 752 905 694
88 -933 695 471 -494 955 -949 33 -409 -637 -692 -700 -298 747 490 -980 748 258 315 180 151 984 -535 74 985 284 868 -556 715 869 521 -420 254 -777 903 751 503 862 857 -380 -478 -148 764 -531 -82 -890 11 -446 16 424 -405 -143 -877 -622 521 411 887 -395 169 679 -2 -868 251 -665 696 480 -70 334 871 -500 471 -247 -967 122 502 86 564 -629 -769 521 502 -29 875 -507 732 230 -322 -633 449 363 688 -785 36 -830 -114 452 211 236 -605 428
-314 -647 -604 -811 630 -697 132 881 651 -626 906 332 58 22 869 -966 -433 85 -536 80 -423 97 -795 832 549 525 -441 456 459 990 -852 -393 965 681 133 -76 557 -13 -850 724 -391 -693 -631 -766 -207 991 711 217 -528 659 -229 287 552 502 721 -682 943 227 -180 -45 -978 416 -723 212 827 -293 237 -895 280 -676 980 -161 639 -329 -752 54 875 347 624 -558 580 344 -112 550 -889 -165 -448 387 -16 861 453 46 627 655 711 801 -939 -726 -315 913
749 668 -952 -709 476 -272 -613 824 -93 223 320 -177 516 -176 -146 654 773 985 -529 -902 5 102 -435 734 -52 578 -259 476 -265 -122 329 905 485 -958 -606 563 -147 101 725 818 410 80 976 -341 587 -743 -791 679 303 838 -375 -100 -230 -33 -923 -96 706 -534 583 -43 366 603 254 -347 -167 221 -681 206 -657 -553 822 -17 -491 -963 -804 -347 292 -570 446 733 728 870 511 209 -382 463 -983 -11 600 -56 -343 29 561 214 155 -294 -650 526 -369 -666
-594 701 924 735 380 676 -329 717 587 808 122 271 -474 -781 466 -522 -782 699 -381 886 700 725 -304 20 -685 811 76 -957 194 -500 375 -6 695 203 -662 -282 273 791 -883 -304 752 122 685 187 723 951 -267 -583 508 649 955 945 -20 607 -322 -439 -534 -320 -805 -606 -573 402 -339 673 182 -148 -502 243 259 -318 87 -59 -354 370 -167 -773 127 -686 -965 -938 -130 556 -39 290 -99 -550 -678 -382 -823 848 -689 416 -593 -339 -904 2 -640 -634 814 575
-185 -273 0 -604 234 246 997 -555 -526 435 522 -164 312 16 711 -337 -972 -891 -245 7 -632 -704 914 632 761 -980 632 816 -910 -150 903 296 -732 700 767 978 -926 -256 -358 70 -131 991 -31 -444 -233 -699 267 675 -813 802 -327 -982 113 -952 -543 534 -124 -123 -46 547 434 632 253 -953 -780 317 -534 970 -85 960 -46 882 860 55 532 300 407 -326 503 799 -694 787 -67 825 -355 432 713 381 269 23 -291 112 49 -178 -832 692 -777 460 498 458
-383 295 881 623 -351 -819 692 -815 -985 -404 816 -649 -196 748 -668 -995 -628 638 505 904 -863 -458 448 521 -13 -213 -454 -674 -144 357 58 -585 -132 650 530 -491 -81 108 -418 528 77 52 -502 -604 119 258 561 -168 -291 887 -274 414 -356 862 5 178 669 -295 -927 -614 -793 -644 81 -467 539 -55 -348 -350 -225 -144 742 -450 -969 321 -856 877 435 318 378 624 986 890 803 756 -18 683 -106 -491 763 -868 -44 932 399 -83 -588 525 302 -189 -541 212
501 -270 851 365 765 609 825 482 306 255 334 927 697 -37 60 310 -153 636 891 234 396 329 -911 695 555 -491 -168 570 638 -754 -859 -945 873 588 724 511 69 80 -525 -536 16 990 683 907 724 410 -700 115 -76 -433 -63 -943 321 -154 563 381 248 -1 79 -211 520 -202 377 -986 976 308 -268 462 213 -45 337 305 842 -835 481 -579 639 -250 560 -50 -292 -563 179 -930 -815 -775 30 452 -537 438 -227 -627 -659 -249 -333 -146 -35 -435 -829 -60
938 -627 432 -857 345 -792 461 670 759 -576 47 124 837 -257 -250 134 803 -131 441 327 -475 666 700 116 -260 122 342 -450 862 -694 -679 996 86 -269 468 -761 -244 189 944 68 863 -318 968 664 -359 -556 -331 519 -945 708 -182 -444 890 -55 -193 296 -659 -611 -283 979 722 74 235 -648 -315 769 56 892 -340 155 -687 -868 975 442 922 817 -994 -60 -282 -85 450 -548 -126 420 614 -194 627 -631 -847 -663 39 -239 -942 343 -738 389 -633 -851 275 -801
-709 -651 -769 -545 -950 331 -933 -90 -454 669 -629 -367 371 -740 -523 -833 882 -592 -961 925 -935 173 410 -603 359 495 -133 -291 352 126 -44 -508 728 345 -760 -331 562 -878 304 310 -472 946 -665 -70 -455 -830 -691 962 770 777 285 820 550 679 -639 171 -497 -484 -802 246 -219 862 -804 -743 738 163 322 -513 -911 -765 -946 -396 624 180 301 -153 376 302 -477 -520 609 -612 -955 -688 119 -410 36 201 -792 232 111 631 -961 -666 -747 640 -564 770 205 -346
445 -593 -349 331 -60 899 -182 667 976 290 971 -148 959 29 737 229 -936 -809 13 377 862 -930 -246 -945 -445 -625 -176 153 978 -147 -688 -420 153 -845 474 6 -342 395 -450 -422 -909 332 -418 439 896 703 883 -305 699 -181 -410 356 -625 -853 29 614 981 -494 311 -514 -122 48 -305 885 -199 47 -461 627 -17 -418 28 -431 331 665 111 780 -598 185 497 48 -853 -923 609 675 -121 -797 862 282 -970 -520 264 65 -92 21 -815 -41 -116 153 -421 -514
220 554 -559 571 -958 -493 -294 -547 -284 552 -227 -550 358 -488 785 26 866 -225 103 699 -996 93 198 -863 -764 -991 -270 -11 54 899 979 -128 301 -219 -226 228 -637 466 898 352 381 487 -328 283 -884 -425 -585 21 765 -903 -721 390 50 -542 131 -516 887 333 328 -194 422 767 -288 375 -21 -660 -598 -817 436 -239 -856 -404 909 264 -534 -638 -670 -957 513 694 -893 237 -931 531 -835 410 198 27 101 779 954 -167 -540 373 153 -234 -601 -162 -402 -511
-232 882 722 545 48 736 -573 427 815 -168 -877 -621 365 673 690 598 -961 982 -940 -248 -937 26 -99 306 -875 -933 -604 -853 -500 -40 558 791 -192 864 -332 77 458 -587 237 137 95 392 -350 -156 -413 539 -987 979 -316 473 453 -29 -354 376 -131 -50 -221 416 254 997 527 -520 615 -884 -150 66 -496 -37 431 103 980 497 428 749 -692 878 -149 -834 439 -3 974 302 -155 -544 -224 -571 888 -49 796 94 84 399 900 485 927 455 -994 -536 -516 -625
625 760 225 -554 26 -21 551 764 222 -521 650 467 315 -713 -476 308 -670 576 322 -55 -650 -930 -450 -384 716 -311 133 124 670 369 -949 476 -146 177 328 795 -445 -479 -898 122 -262 969 -521 601 131 792 -607 -501 -257 925 -640 -849 739 -282 639 677 652 -646 292 346 -169 -335 379 -337 98 -357 699 -596 -296 398 476 -755 -89 59 -601 -558 -185 2 436 536 753 -322 -883 -45 -830 163 -508 621 -116 -203 615 -687 -556 355 -29 280 -212 528 390 168
761 324 530 -837 226 -652 41 958 471 -973 -967 -579 -960 887 -946 -316 182 784 -325 -307 -209 257 9 -473 561 858 -559 224 -109 -645 597 -205 -402 -187 -748 979 -885 414 -265 673 -286 -746 996 -104 -478 -508 -861 -362 -838 -771 -521 -189 -102 108 -582 307 323 321 387 -281 -616 939 125 -749 -370 350 745 -402 758 585 800 -564 -60 453 256 379 317 -157 246 -902 892 -132 -129 919 -591 262 596 -368 654 -569 -490 -777 -291 201 353 337 720 658 -220 857
907 865 -305 349 769 -621 310 533 48 42 686 601 544 -71 -415 285 -13 -297 467 737 -435 214 420 589 -233 -847 -831 512 -49 84 -636 -969 -512 -702 -157 674 673 -753 -580 942 425 -676 -857 577 -619 494 -152 776 -547 459 -934 27 720 520 351 891 -649 562 -747 466 -473 -804 880 548 -785 -113 -222 184 -32 741 879 -958 851 783 734 -457 -654 -332 964 186 -54 298 -183 531 -646 548 437 -331 581 26 615 -437 442 516 702 -367 -217 -758 637 436
-449 -1 844 -887 866 41 274 -865 52 -119 944 862 256 -707 625 -570 161 291 463 -298 -836 -735 -239 318 -768 471 71 74 332 979 -196 421 237 118 -483 -13 -692 495 -656 -117 -711 -622 31 475 861 -281 -790 -677 -719 478 -501 805 775 -803 -859 977 380 -438 357 -244 -281 323 435 -666 193 -631 -964 438 -51 -31 316 -36 -834 154 330 709 -941 -960 -753 -140 -553 -477 54 768 -446 130 484 -874 818 457 -364 -708 -744 868 56 168 778 5 -251 -958
172 -756 -541 608 -647 -651 -887 -724 675 -629 -271 -755 456 288 -829 592 -588 -728 -37 -546 -756 -353 520 -613 416 -908 -214 9 -169 48 402 590 -347 -556 -217 23 378 197 17 -757 205 -750 -789 296 456 651 -113 132 -263 648 204 136 429 741 -689 -533 -942 104 -221 97 -779 -679 -21 91 -805 -635 825 -750 -52 932 -783 199 -981 185 789 119 -909 -436 -549 956 444 -799 108 165 606 -377 -300 694 494 -190 -244 -399 -726 227 -527 40 -851 -510 886 213
-423 418 -408 554 -281 -343 831 -506 558 -464 -873 -327 180 -269 -102 -878 -912 -947 289 564 -314 162 395 567 186 -626 -323 356 138 -686 -511 -866 455 -708 -111 687 593 61 792 -908 -533 508 178 -176 111 -108 -382 -788 -664 -764 472 544 494 520 866 623 -870 972 739 -450 -240 -423 -739 572 461 18 853 555 312 50 -365 -643 -23 156 142 -297 125 -737 590 286 -789 196 799 836 -922 755 374 295 108 721 490 -301 776 -267 -9 -409 -693 897 59 -621
-608 172 -532 -406 809 452 447 -421 560 573 -287 -669 -524 907 793 867 -851 662 -734 930 110 261 835 67 -392 938 359 -368 -257 211 319 525 -852 -204 -422 -467 -174 322 -533 -120 872 -558 -784 952 -691 175 920 -820 62 -745 -869 524 -768 523 412 232 -352 514 578 -12 512 -656 911 -219 128 -418 916 -996 -538 -311 734 -480 -540 257 -397 -285 -179 -995 -496 802 -831 410 -372 432 -155 168 715 -247 756 -829 826 54 -551 -170 -507 -8 215 -219 -839 -666
772 626 925 58 186 -948 -251 -944 -502 738 -358 -94 526 51 696 692 -968 -655 -839 821 895 49 644 -69 652 -875 970 240 997 -983 18 -721 583 632 -286 922 449 -843 299 568 -228 933 69 562 337 -235 404 -75 -55 -583 318 891 596 -140 -504 475 432 -505 88 -43 878 155 216 758 411 202 -864 795 -403 880 -731 321 -912 -535 814 -463 -549 -826 -854 394 603 394 -809 647 -155 -182 -963 105 692 684 -490 967 -14 -649 219 -74 132 120 -803 -78
691 -937 -951 -126 699 151 602 780 789 910 -946 -777 179 -300 798 -191 -771 832 445 -280 641 262 -545 -678 75 610 796 437 -247 -702 -670 -821 681 -27 -681 -362 -41 838 -105 -357 -478 -303 311 -832 102 -276 853 -490 -164 -866 -125 782 751 -154 656 -350 354 -220 449 -145 -609 -521 896 -60 709 144 966 -92 177 786 510 -145 187 -333 958 -768 212 244 606 -385 330 814 835 903 -243 749 258 -389 -516 -57 -763 616 992 -642 -441 -753 -539 233 -973 382
695 513 533 -143 -943 -79 912 458 656 -793 -832 391 -709 -308 974 -483 -380 -92 -92 -86 617 838 725 -464 616 983 -259 981 -942 -592 -482 796 -179 -777 175 -822 706 71 -133 642 7 -181 -233 -303 72 -468 375 -248 -332 -796 156 40 621 31 -836 -518 129 155 711 188 535 -207 753 858 919 497 -494 82 735 416 -306 -653 710 -263 -205 -238 471 851 -187 421 910 -264 -696 345 15 435 170 -423 -518 -843 310 110 -860 -111 894 895 -221 -306 -785 -412
